alpha3@aaaiusc.com:6127385:11:165,311,60,75,149,329,
matthelb@usc.edu:861395:5:6,9,5,9,9,6,8,9,9,5,8,8,8,9,6,8,5,8,8,8,9,4,7,7,5,7,6,10,10,7,9,8,7,6,7,9,6,6,7,7,6,6,6,9,6,7,7,7,10,10,6,7,9,7,8,8,8,7,7,6,8,6,8,7,8,7,7,10,9,7,8,6,4,7,7,7,7,6,9,9,5,8,4,8,6,6,10,7,7,9,7,9,6,8,9,10,8,7,7,5,8,9,6,6,7,5,11,7,7,8,6,9,7,7,6,9,6,10,6,8,7,8,6,9,7,5,10,10,7,8,7,7,11,5,6,7,8,5,7,8,10,9,9,10,8,9,8,9,10,10,8,6,7,5,6,7,7,7,8,6,7,7,8,6,8,6,8,6,9,7,5,6,7,6,6,5,8,6,10,10,5,10,6,5,8,10,10,8,6,7,9,7,7,9,8,6,9,8,7,8,9,7,10,7,8,8,8,7,8,10,6,7,8,5,7,7,5,8,9,7,7,5,8,8,8,8,9,7,8,6,8,8,6,6,8,10,7,9,7,6,8,9,8,8,7,9,7,6,9,6,9,10,8,7,9,4,6,6,9,9,5,8,9,7,8,7,10,8,7,7,9,8,7,8,9,9,9,7,7,9,9,6,8,8,8,12,8,10,6,6,7,8,6,8,6,5,9,10,8,7,8,10,9,9,7,7,9,9,4,6,8,9,9,6,7,8,8,7,7,7,7,8,10,9,10,8,8,8,8,8,11,7,8,7,7,10,8,8,13,7,7,9,7,9,10,6,9,6,9,9,6,6,7,5,8,7,9,7,8,7,9,7,9,7,8,8,9,6,7,8,6,7,7,7,7,6,8,5,6,5,13,7,7,6,4,6,12,6,10,6,5,6,7,7,12,6,7,6,6,8,7,9,8,9,5,4,7,8,10,6,7,10,7,12,10,5,8,6,6,8,5,7,17,7,5,6,6,6,7,7,7,6,8,8,8,6,7,7,8,9,6,8,6,9,8,7,9,9,7,8,6,8,6,7,4,9,10,7,7,7,9,8,6,8,8,8,7,8,7,5,9,10,8,6,8,4,7,7,6,7,7,7,11,5,4,5,8,8,9,8,7,7,8,8,10,5,9,8,5,9,7,8,5,10,9,7,7,6,9,9,6,8,8,9,5,7,8,5,16,10,5,5,6,8,9,7,9,8,8,6,9,8,9,7,6,9,7,5,7,7,6,7,7,9,7,7,7,7,6,6,6,9,7,8,7,5,9,9,8,7,8,7,7,6,6,8,5,5,6,9,9,7,7,6,6,8,9,9,7,6,6,7,5,9,7,8,7,6,8,6,7,7,5,8,9,8,9,9,8,7,7,10,9,7,7,6,9,6,7,7,7,6,7,7,6,8,8,8,7,8,6,8,7,8,10,10,9,6,6,7,6,7,8,7,10,6,7,7,8,6,8,5,8,6,9,6,6,8,8,6,8,7,6,6,9,9,7,5,9,9,5,7,6,10,7,7,7,7,9,6,10,7,6,7,7,8,7,6,6,7,8,6,6,5,7,9,6,5,7,9,10,10,8,8,7,10,7,8,7,8,8,7,7,8,6,8,9,7,7,8,8,11,5,5,7,6,9,8,8,8,12,6,6,6,10,8,6,8,6,9,9,7,6,7,6,8,8,6,7,7,11,9,7,8,9,7,8,9,8,
test2@aaaiusc.com:6538472:18:80,32,66,
yourEmail@something.com:69412583:2:
kanit9618@gmail.com:924761:7:
srisuthe@usc.edu:52609874:1:
alpha4@aaaiusc.com:560943:101:
test1@aaaiusc.com:894673:23:228,270,56,70,55,41,64,66,16,38,71,58,78,79,49,
test@test.com:36074519:28:13,184,40,27,
vishnukl@usc.edu:5124837:0:7659,15,80,43,22,31,22,13,58,54,20,16,32,25,29,94,15,18,43,33,24,14,21,17,16,190,23,11,15,42,14,32,28,16,24,31,21,43,18,94,51,27,52,17,23,28,16,13,33,17,24,18,36,54,34,47,24,15,21,36,161,18,37,12,31,14,29,17,35,14,42,51,21,36,25,22,43,10,19,11,72,89,139,8,9,6,6,8,7,9,5,7,7,6,15,9,7,7,10,10,9,6,9,10,9,8,7,9,8,7,9,7,9,10,9,7,6,7,10,8,6,8,8,10,8,6,9,6,4,6,6,7,8,10,6,8,9,8,5,9,7,8,10,8,8,7,7,5,5,6,9,9,7,8,7,5,8,8,9,8,7,10,8,10,9,11,6,8,6,7,8,7,6,8,9,7,7,8,5,6,7,7,8,9,8,8,9,10,10,6,8,7,6,10,7,7,8,9,7,7,6,7,6,6,10,9,7,9,9,9,7,8,8,7,8,11,7,8,7,6,8,7,7,5,8,5,5,7,8,7,5,8,9,5,6,6,10,7,7,7,10,7,7,7,6,12,8,6,6,9,7,8,9,6,6,6,8,6,6,6,9,8,6,9,7,9,10,6,7,8,9,7,8,9,7,8,7,7,5,10,9,6,6,7,10,9,5,9,8,5,8,6,6,7,9,8,9,8,8,5,8,8,4,7,7,9,9,8,7,6,8,8,6,6,10,7,9,9,6,10,6,6,9,6,7,9,9,9,11,7,9,6,7,6,10,7,7,8,6,8,7,6,10,8,7,9,7,8,8,7,9,10,8,9,6,8,6,8,7,8,8,9,11,9,9,10,8,7,8,7,7,10,7,9,8,8,7,8,9,6,8,9,5,7,9,6,11,8,9,9,9,6,7,7,8,7,7,8,8,9,8,7,7,6,8,6,6,10,8,6,8,7,8,7,9,8,8,7,8,9,8,7,6,8,8,9,7,7,8,7,11,6,8,8,9,8,10,6,7,10,9,7,8,9,7,6,6,6,9,9,7,6,7,6,7,8,8,8,9,10,8,8,7,9,10,6,10,7,6,9,7,8,9,7,8,10,8,7,7,8,10,6,6,7,9,7,9,7,5,9,7,6,6,7,9,8,8,9,8,7,9,10,8,7,8,9,9,7,7,7,10,8,9,8,8,11,9,8,6,7,8,9,7,8,6,7,7,10,9,8,6,8,9,8,8,10,8,8,8,9,6,8,9,8,7,10,8,5,9,8,7,9,8,7,8,10,7,9,7,9,11,10,8,8,7,9,9,9,10,7,7,7,7,7,7,7,9,7,10,8,8,11,6,10,7,8,8,8,7,8,9,8,9,7,11,8,8,6,9,8,9,7,6,9,10,8,5,8,9,9,10,11,7,10,10,8,7,10,7,6,8,10,7,7,2,8,7,6,8,10,8,8,7,8,7,8,7,9,6,6,7,9,7,7,10,8,8,6,9,8,6,10,11,7,6,6,10,8,8,9,5,9,10,9,9,7,10,7,5,6,8,8,7,8,6,8,7,9,5,6,10,9,9,5,11,10,7,8,8,7,7,6,8,8,8,8,8,10,8,9,8,9,8,9,9,8,10,8,8,6,6,7,9,11,8,9,7,8,8,7,8,8,9,9,11,8,6,9,8,9,7,8,6,10,7,9,11,8,8,8,7,11,4,7,8,8,9,7,10,9,7,6,8,7,6,7,6,8,8,6,10,10,9,9,7,9,6,8,8,8,9,8,10,7,7,7,8,6,5,9,9,6,8,6,8,6,7,8,8,10,9,6,8,8,8,6,10,6,8,8,9,7,12,8,6,9,9,9,9,8,8,8,7,7,6,8,8,7,5,9,5,10,7,8,8,5,9,8,7,8,9,10,8,8,7,5,7,6,9,8,8,8,7,5,8,8,8,7,8,10,8,7,8,7,8,7,4,10,7,8,8,8,6,9,7,7,8,9,9,5,9,6,9,10,6,6,8,7,8,9,5,6,7,9,7,8,10,8,8,10,8,5,6,8,8,8,7,4,9,5,7,10,8,7,5,8,9,8,7,11,7,8,9,10,8,10,8,6,8,6,7,7,9,6,10,8,9,9,6,10,6,10,6,10,5,7,8,6,7,7,9,10,10,7,10,9,8,6,7,6,10,7,7,9,10,10,7,10,9,8,8,10,5,5,8,7,9,8,8,9,8,9,9,9,9,7,6,9,9,6,7,7,7,7,5,6,7,7,8,8,7,7,5,10,8,9,6,9,11,9,7,9,5,6,8,8,8,10,10,6,8,9,6,7,7,8,9,7,5,9,10,10,7,8,8,9,11,10,8,11,7,8,9,9,9,7,8,10,6,7,6,9,9,7,9,6,8,6,8,8,6,7,6,8,8,6,10,6,7,7,7,5,4,9,7,7,5,6,6,11,7,10,8,6,7,5,7,8,8,8,9,8,7,8,7,8,8,10,7,10,7,10,8,7,6,9,6,7,8,6,6,11,9,7,9,9,6,7,8,5,9,7,8,8,6,8,7,6,11,6,11,11,11,
yooyen@usc.edu:7960543:0:27,10,
top@test.com:24679031:0:11,
cchawann@usc.edu:8357621:19:15,19,7,10,
2:
2:
asudarsh@usc.edu:89251674:36:
0:
0:
email@something.com:2318907:5:
test3@aaaiusc.com:76914308:3:127,27,28,19,22,
email1@something.com:203475:5:
test4@aniket.com:2817094:13:22,30,17,31,24,51,13,35,44,13,20,31,31,19,23,18,34,20,25,34,24,15,27,24,27,19,15,
pednekar@usc.edu:7328095:40:31,14,29,31,17,32,19,16,25,22,24,36,34,22,19,18,30,21,26,25,22,28,52,22,21,34,67,17,31,30,50,36,31,17,37,29,21,16,34,14,20,24,23,21,52,40,14,19,27,13,33,36,18,23,16,15,13,30,17,37,29,32,18,20,39,34,24,29,17,17,29,28,14,23,22,50,22,35,16,12,26,24,35,44,8,30,20,204,37,21,38,18,13,121,27,33,23,31,47,30,25,19,21,20,73,14,22,25,30,38,12,40,29,20,26,36,19,34,21,22,41,21,20,47,19,22,21,37,20,70,24,23,40,19,17,51,56,55,27,16,38,26,40,24,29,15,11,24,26,22,16,23,26,28,20,17,27,19,32,21,30,22,34,24,29,24,30,33,25,22,18,25,39,
email2@something.com:694107:9:
5:
5:
qt@usc.edu:2305641:1:56,
yooyen@usc.com:98670524:982:120,35,43,68,28,69,65,44,31,60,39,
abc@usc.edu:8937506:1:20,
